# Chamber 0

spawn_a   29 13 01   # col row flags(bit0 facing, bit7 enemies blocked)
spawn_b   30 6 01
border    0
col_thr   6 23
row_thr   9 16
exit 0    death
exit 1    death
exit 2    1 1 6
exit 3    death
exit 4    death
exit 5    1 1 13
exit 6    death
exit 7    death
exit 8    death

map
25 25 25 25 25 25 25 84 85 86 25 25 25 25 25 84 86 84 85 86 25 25 25 25 25 25 25 25 25 25 25 84
25 25 25 25 25 25 80 87 88 89 81 82 83 82 80 88 87 89 87 88 81 82 25 25 25 80 81 82 83 82 80 88
25 25 25 83 82 80 20 20 20 20 20 20 20 20 20 20 20 20 20 20 20 20 81 82 80 20 20 20 20 20 20 20
82 25 80 20 20 20 20 20 20 20 20 20 20 20 20 20 20 20 20 20 20 20 20 20 20 20 20 20 20 20 20 20
20 45 46 20 20 20 20 20 20 20 20 20 20 20 20 20 20 20 20 20 20 20 20 20 20 20 20 20 20 20 20 20
20 47 48 20 20 20 20 20 20 20 20 20 20 20 20 20 20 20 20 20 20 20 20 20 20 20 20 20 20 20 20 20
20 49 4a 20 20 20 20 20 20 20 20 20 20 20 20 20 20 20 20 20 20 20 20 20 20 20 20 20 20 20 20 20
ff ff ff ff ff ff ff ff ff ff ff ff 19 18 ff ff ff ff 20 20 20 20 40 40 40 40 40 40 40 40 40 40
20 20 20 20 20 20 20 20 20 20 20 20 19 18 20 20 20 20 20 20 20 20 41 41 41 41 41 41 41 41 41 41
20 20 20 20 20 20 20 20 20 20 20 20 19 18 20 20 20 20 20 20 20 20 42 42 7d 7d 7d 7d 7d 42 42 42
6d 20 20 20 20 20 20 20 20 20 20 20 19 18 20 20 20 20 20 20 20 20 20 20 36 36 36 36 36 20 20 20
43 20 20 20 20 4b 4c 4d 4e 20 20 20 19 18 20 20 20 20 20 20 20 20 20 20 35 37 37 37 35 20 20 20
40 40 40 20 20 4f 50 51 52 20 20 20 19 18 20 20 20 20 20 20 20 20 20 20 36 37 37 37 36 20 20 20
41 41 41 20 20 53 54 55 56 20 20 20 19 18 20 20 20 20 20 20 20 20 20 20 35 35 35 35 35 20 20 20
42 42 7c 20 20 8d 8e 8e 8f 20 20 20 19 18 20 20 20 40 40 40 40 40 40 40 40 40 40 40 40 40 40 40
43 20 7c 20 20 36 35 35 36 20 20 20 19 18 20 20 20 41 41 41 41 41 41 41 41 41 41 41 41 41 41 41
43 20 20 20 20 35 37 37 35 20 20 20 19 18 20 20 20 42 7d 42 42 42 7d 7d 7d 7d 7d 7d 7d 42 42 42
43 20 20 20 20 36 35 35 36 20 20 20 19 18 20 20 20 20 35 20 20 20 36 36 36 36 36 36 36 20 20 43
43 20 20 20 20 35 37 37 35 20 20 20 20 20 20 20 20 20 27 20 20 20 35 37 37 35 37 37 35 20 20 43
43 20 20 20 20 35 37 37 35 20 20 20 20 20 20 20 20 20 27 20 20 20 36 37 37 36 37 37 36 20 20 43
43 20 20 20 20 36 35 35 36 20 20 20 20 20 20 20 20 20 27 20 20 20 35 35 35 35 35 35 35 20 20 43
44 44 44 44 44 44 44 44 44 44 44 44 44 44 44 44 44 44 44 44 44 44 44 44 44 44 44 44 44 44 44 44

patches
 guard 83
 set 22 11 10
 set 22 12 11
 guard 83
 set 30 11 10
 set 30 12 11
 guard 83
 set 2 18 10
 set 2 19 11
 guard 83
 set 17 18 10
 set 17 19 11
 guard 83
 set 30 18 10
 set 30 19 11
