# Chamber 1

spawn_a   29 13 01   # col row flags(bit0 facing, bit7 enemies blocked)
spawn_b   1 6 00
border    0
col_thr   8 20
row_thr   9 16
exit 0    0 29 6
exit 1    death
exit 2    2 1 6
exit 3    0 29 13
exit 4    death
exit 5    death
exit 6    death
exit 7    4 6 3
exit 8    death

map
85 86 25 25 25 25 25 25 25 25 25 84 86 84 85 86 25 25 25 25 25 84 86 25 25 25 25 25 25 25 25 84
88 89 81 82 25 25 25 25 25 25 80 87 87 89 87 88 81 82 83 82 80 88 89 81 80 81 82 25 25 25 80 88
20 20 20 20 81 82 80 81 82 80 20 20 20 20 20 20 20 20 20 20 20 20 20 20 20 20 20 81 82 80 20 20
20 20 20 20 20 20 20 20 20 20 20 20 20 20 20 20 20 20 20 20 20 20 20 20 20 20 20 20 20 20 20 20
20 20 20 20 20 20 20 20 20 20 20 20 20 20 20 20 20 20 20 20 20 20 20 20 20 20 20 20 20 20 20 20
20 20 20 20 20 20 20 20 20 20 20 20 20 20 20 20 20 20 20 20 20 20 20 20 20 20 20 20 20 20 20 20
20 20 20 20 20 20 20 20 20 20 20 20 20 20 20 20 20 20 20 20 20 20 20 20 20 20 20 20 20 20 20 20
40 40 40 40 40 40 40 40 20 20 20 20 ff ff ff 19 18 ff ff ff 20 20 20 20 40 40 40 40 40 40 40 40
41 41 41 41 41 41 41 41 20 20 20 20 20 20 20 19 18 20 20 20 20 20 20 20 41 41 41 41 41 41 41 41
42 42 42 42 42 7d 42 42 20 20 20 20 20 20 20 19 18 20 20 20 20 20 20 20 42 42 7d 42 42 42 42 42
20 20 20 20 20 35 20 20 20 20 20 20 20 20 20 19 18 20 20 20 20 20 20 20 20 20 35 20 20 20 20 43
20 20 20 20 20 27 20 20 20 20 20 20 20 20 20 20 20 20 20 20 20 20 20 20 20 20 27 20 20 20 20 43
20 20 20 20 20 27 20 20 20 20 20 20 20 20 20 20 20 20 20 20 20 20 20 20 20 20 27 20 20 20 20 43
20 20 20 20 20 27 20 20 20 20 20 20 20 20 20 20 20 20 20 20 20 20 20 20 20 20 27 20 20 20 20 43
40 40 40 40 40 40 40 40 40 40 40 40 20 20 20 19 18 20 20 20 40 40 40 40 40 40 40 40 40 40 40 40
41 41 41 41 41 41 41 41 41 41 41 41 20 20 20 19 18 20 20 20 41 41 41 41 41 41 41 41 41 41 41 41
42 42 42 42 42 42 7d 7d 7d 42 42 42 20 20 20 19 18 20 20 20 42 42 42 7d 7d 7d 42 42 42 42 42 42
43 20 20 20 20 20 36 35 36 20 20 20 20 20 20 18 19 20 20 20 20 20 20 36 35 36 20 20 20 20 20 43
43 20 20 20 20 20 35 37 35 20 20 20 20 20 20 20 20 20 20 20 20 20 20 35 37 35 20 20 20 20 20 43
43 20 20 20 20 20 35 37 35 20 20 20 20 20 20 20 20 20 20 20 20 20 20 35 37 35 20 20 20 20 20 43
43 20 20 20 20 20 36 35 36 20 20 20 20 20 20 20 20 20 20 20 20 20 20 36 35 36 20 20 20 20 20 43
44 44 44 44 44 44 44 44 44 44 44 44 44 44 44 20 20 44 44 44 44 44 44 44 44 44 44 44 44 44 44 44

patches
 guard 83
 set 7 11 10
 set 7 12 11
 guard 83
 set 24 11 10
 set 24 12 11
 guard 83
 set 3 18 10
 set 3 19 11
 guard 83
 set 11 18 10
 set 11 19 11
 guard 83
 set 20 18 10
 set 20 19 11
 guard 83
 set 28 18 10
 set 28 19 11
 guard 83
 set 15 23 8d
 set 16 23 8f
