# Chamber 2

spawn_a   2 13 00   # col row flags(bit0 facing, bit7 enemies blocked)
spawn_b   2 6 00
border    0
col_thr   8 16
row_thr   9 16
exit 0    1 29 6
exit 1    death
exit 2    death
exit 3    death
exit 4    death
exit 5    death
exit 6    death
exit 7    death
exit 8    9 3 20

map
85 86 25 25 25 84 86 84 85 86 25 25 25 25 25 25 25 25 25 25 25 84 85 86 25 25 25 25 25 25 25 25
88 89 81 82 80 88 87 88 88 89 81 82 25 25 25 80 81 82 84 86 80 87 88 89 81 82 25 25 25 25 25 25
20 20 20 20 20 20 20 20 20 20 20 20 81 82 80 20 20 20 88 89 20 20 20 20 20 20 81 82 83 82 25 25
20 20 20 20 20 20 20 20 20 20 20 20 20 20 20 20 20 20 20 20 20 20 20 20 20 20 20 20 20 20 81 82
20 20 20 20 20 20 20 20 20 20 20 20 20 20 20 20 20 20 20 20 20 20 20 20 20 20 20 45 46 20 20 20
20 20 20 20 20 20 20 20 20 20 20 20 20 20 20 20 20 20 20 20 20 20 20 20 20 20 20 47 48 20 20 20
20 20 20 20 20 20 20 20 20 20 20 20 20 20 20 20 20 20 20 20 20 20 20 20 20 20 20 49 4a 20 20 20
40 40 40 40 40 40 40 40 20 20 20 ff ff 19 18 ff ff 40 40 40 20 20 20 8f 8e 8d ff ff ff ff 8f 8e
41 41 41 41 41 41 41 41 20 20 20 20 20 19 18 20 20 41 41 41 20 20 20 8d 6c 20 20 20 20 20 20 6c
42 42 42 42 42 7d 42 42 20 20 20 20 20 19 18 20 20 42 7d 42 20 20 20 20 6c 20 20 20 20 20 20 6c
43 20 20 20 20 35 20 20 20 20 20 20 20 19 18 20 20 20 35 20 20 20 20 20 6c 20 20 20 20 20 20 6c
43 20 20 20 20 27 20 20 20 20 20 20 20 19 18 20 20 20 27 20 20 20 20 20 6c 20 4b 4c 4d 4e 20 6c
43 20 20 20 20 27 20 20 20 20 20 20 20 19 18 20 20 20 27 20 20 20 20 20 6c 20 4f 50 51 52 20 6c
43 20 20 20 20 27 20 20 20 20 20 20 20 19 18 20 20 20 27 20 20 20 20 20 6c 20 53 54 55 56 20 6c
40 40 40 40 20 27 20 40 40 40 40 40 20 19 18 20 40 40 40 40 40 20 20 20 6c 20 8d 8e 8e 8f 20 6c
41 41 41 41 20 36 20 41 41 41 41 41 20 19 18 20 41 41 41 41 41 20 20 20 36 20 35 36 36 35 20 20
42 42 42 42 20 36 20 42 7d 42 7d 42 20 19 18 20 42 7d 42 7d 42 20 20 20 36 20 35 37 37 35 20 20
43 20 20 20 20 35 20 20 35 20 35 20 20 19 18 20 20 35 20 35 20 20 20 20 35 20 36 37 37 36 20 20
43 20 20 20 20 27 20 20 27 20 27 20 20 20 20 20 20 27 20 27 20 20 20 20 27 20 36 35 35 36 20 20
43 20 20 20 20 27 20 20 27 20 27 20 20 20 20 20 20 27 20 27 20 20 20 20 27 20 35 37 37 35 20 20
43 20 20 20 20 27 20 20 27 20 27 20 20 20 20 20 20 27 20 27 20 20 20 20 27 20 35 37 37 35 20 20
44 44 44 44 44 44 44 44 44 44 44 44 44 44 44 44 44 44 44 44 44 44 44 44 44 44 44 44 44 44 44 44

patches
 guard 83
 set 3 11 10
 set 3 12 11
 guard 83
 set 7 11 10
 set 7 12 11
 guard 83
 set 17 11 10
 set 17 12 11
 guard 83
 set 19 11 10
 set 19 12 11
 guard 83
 set 23 11 10
 set 23 12 11
 guard 83
 set 3 18 10
 set 3 19 11
 guard 83
 set 7 18 10
 set 7 19 11
 guard 83
 set 11 18 10
 set 11 19 11
 guard 83
 set 16 18 10
 set 16 19 11
 guard 83
 set 20 18 10
 set 20 19 11
 guard 83
 set 31 17 43
 set 31 18 43
 set 31 19 43
 set 31 20 43
 set 31 21 43
 set 31 22 43
