# Chamber 3

spawn_a   28 5 01   # col row flags(bit0 facing, bit7 enemies blocked)
spawn_b   29 4 01
border    0
col_thr   10 20
row_thr   9 16
exit 0    death
exit 1    1 26 6
exit 2    death
exit 3    death
exit 4    death
exit 5    death
exit 6    6 2 3
exit 7    death
exit 8    death
anim 0    13 10 13 90   # row col_start col_end delay
anim 1    13 23 26 90   # row col_start col_end delay
anim 2    22 1 3 80   # row col_start col_end delay

map
59 59 59 59 59 59 59 59 59 59 59 59 59 59 59 00 00 00 00 00 00 00 59 59 59 59 59 59 59 59 59 59
59 59 59 59 59 59 59 59 59 59 59 59 59 59 59 01 01 01 01 01 01 01 59 59 59 59 59 59 59 59 59 59
43 20 20 20 20 20 18 19 20 43 20 20 20 20 20 20 20 1b 1a 1b 20 20 20 20 20 20 20 43 20 20 20 20
43 20 20 20 20 20 18 19 20 43 5a 20 20 20 20 20 20 1b 1a 1b 20 20 20 20 20 20 5a 43 20 20 20 20
43 20 20 20 20 20 18 19 20 43 20 20 20 20 20 20 20 1b 1a 1b 20 20 20 20 20 20 20 43 20 20 20 20
43 20 20 20 20 20 18 19 20 43 20 20 20 20 20 20 20 1b 1a 1b 20 20 20 20 20 20 20 43 20 20 20 20
43 20 20 20 20 20 18 19 20 43 20 20 20 20 20 20 20 1b 1a 1b 20 20 20 20 20 20 20 43 20 20 20 20
43 20 20 20 20 20 18 19 20 43 20 20 20 20 20 20 20 1b 1a 1b 20 20 20 20 20 20 20 43 20 20 20 20
43 29 28 29 6d 20 18 19 20 43 20 20 20 6d 6d 6d 00 1b 1a 1b 00 6d 6d 6d 20 20 20 43 29 28 29 6d
43 28 29 28 43 20 18 19 20 43 20 20 20 20 43 43 01 1b 1a 1b 01 43 43 20 20 20 20 43 28 29 28 43
43 28 29 28 43 20 18 19 20 43 20 20 20 20 43 00 20 1b 1a 1b 20 00 43 20 20 20 20 43 28 29 28 43
43 29 28 29 43 20 18 19 20 43 20 20 20 20 43 01 20 1b 1a 1b 20 01 43 20 20 20 20 43 29 28 29 43
43 28 29 28 43 20 18 19 20 43 20 20 20 20 43 20 20 1b 1a 1b 20 20 43 20 20 20 20 43 28 29 28 43
43 29 28 29 43 20 18 19 20 43 20 20 20 20 43 20 20 1b 1a 1b 20 20 43 20 20 20 20 43 28 29 28 43
43 28 29 28 43 20 18 19 20 43 20 20 20 20 43 20 20 1b 1a 1b 20 20 43 20 20 20 20 43 29 28 29 43
43 28 29 28 43 20 18 19 20 20 20 20 20 20 43 20 20 1b 1a 1b 20 20 20 20 20 20 20 20 20 20 20 43
43 29 28 29 43 20 18 19 20 20 20 20 20 20 43 20 20 1b 1a 1b 20 20 20 20 20 20 20 20 20 20 20 43
43 28 29 28 43 20 20 20 20 20 20 20 20 20 43 20 20 1b 1a 1b 20 20 20 20 20 20 20 20 20 20 20 43
43 28 29 28 43 20 20 20 20 20 20 20 20 20 43 20 20 1b 1a 1b 20 20 20 20 20 20 20 20 20 20 20 43
43 20 20 20 43 20 20 20 20 20 20 20 20 20 43 20 20 1b 1a 1b 20 20 20 20 20 20 20 20 20 20 20 43
44 20 20 20 44 44 44 44 44 44 44 44 44 44 44 44 44 03 03 03 44 44 44 44 44 44 44 44 44 44 44 44
44 20 20 20 44 44 44 44 44 44 44 44 44 44 44 44 44 02 02 02 44 44 44 44 44 44 44 44 44 44 44 44

patches
 guard 83
 set 10 6 12
 set 10 7 11
 set 10 16 59
 set 11 16 59
 set 12 16 59
 set 13 16 59
 guard 83
 set 26 6 12
 set 26 7 11
 set 23 16 59
 set 24 16 59
 set 25 16 59
 set 26 16 59
