# Chamber 4

spawn_a   3 6 00   # col row flags(bit0 facing, bit7 enemies blocked)
spawn_b   6 3 00
border    0
col_thr   10 20
row_thr   9 16
exit 0    death
exit 1    death
exit 2    1 15 6
exit 3    death
exit 4    death
exit 5    5 1 10
exit 6    3 29 5
exit 7    death
exit 8    7 28 20
anim 0    9 1 3 90   # row col_start col_end delay
anim 1    16 20 22 80   # row col_start col_end delay
anim 2    17 20 22 80   # row col_start col_end delay

map
59 59 59 59 59 57 20 20 58 59 59 59 59 59 59 59 59 59 59 59 59 59 59 59 59 59 57 20 20 58 59 59
43 5a 5e 5d 5a 20 20 20 20 2f 28 29 29 28 2e 60 5f 5d 60 5e 20 20 5e 5a 20 5a 20 20 20 20 5a 43
43 20 20 20 20 20 20 20 20 2f 28 29 29 28 2e 20 20 20 20 20 20 20 20 20 20 20 20 1a 1b 20 20 43
43 20 20 20 20 20 20 20 20 2f 29 28 28 29 2e 20 20 20 20 20 20 20 20 20 20 20 20 1a 1b 20 20 43
43 20 20 20 20 20 20 20 20 2f 29 28 28 29 2e 20 20 20 20 20 20 20 20 20 20 20 20 1a 1b 20 20 43
43 20 20 20 20 20 20 20 20 2f 28 29 29 28 2e 20 20 20 20 20 20 20 20 20 20 20 20 1a 1b 20 20 43
43 20 20 20 20 20 20 20 20 2f 28 29 29 28 2e 20 20 20 20 20 20 20 20 20 20 20 20 1a 1b 20 20 43
43 20 20 20 59 59 59 59 59 59 59 59 59 59 59 59 59 59 59 59 59 59 59 59 59 59 57 1a 1b 58 59 59
43 20 20 20 20 5f 60 5d 5e 2f 29 28 28 29 2e 5e 5d 60 5f 20 20 5f 5d 5e 5a 43 20 1a 1b 20 20 20
43 20 20 20 20 20 20 20 20 2f 29 28 28 29 2e 20 20 20 20 20 20 20 20 20 20 43 20 1a 1b 20 20 20
43 20 20 20 20 20 20 20 20 2f 28 29 29 28 2e 20 20 20 20 20 20 20 20 20 20 43 20 1a 1b 20 20 20
43 20 20 20 20 20 20 20 20 2f 28 29 29 28 2e 20 20 20 20 20 20 20 20 20 20 43 20 1a 1b 20 20 20
43 20 20 20 20 20 20 20 20 2f 29 28 28 29 2e 20 20 20 20 20 20 20 20 20 20 43 20 1a 1b 20 20 20
43 20 20 20 20 20 20 20 20 2f 29 28 28 29 2e 20 20 20 20 20 20 20 20 20 20 43 20 1a 1b 20 20 20
59 59 59 59 59 59 59 59 59 59 59 59 59 59 59 59 59 59 59 57 20 20 20 58 59 59 57 1a 1b 58 59 59
20 5a 5d 5e 60 5d 5f 20 20 2f 29 28 28 29 2e 5e 5f 5a 20 5a 20 20 20 5a 5a 20 20 1a 1b 20 20 5a
20 20 20 20 20 20 20 20 20 2f 29 28 28 29 2e 20 20 20 20 20 20 20 20 20 5a 20 20 1a 1b 20 20 5a
20 20 20 20 20 20 20 20 20 2f 28 29 29 28 2e 20 20 20 20 20 20 20 20 20 5a 20 20 1a 1b 20 20 5a
20 20 20 20 20 20 20 20 20 2f 28 29 29 28 2e 20 20 20 20 20 20 20 20 20 5a 20 20 1a 1b 20 20 5a
20 20 20 20 20 20 20 20 20 2f 29 28 28 29 2e 20 20 20 20 20 20 20 20 20 5a 20 20 1a 1b 20 20 5a
20 20 20 20 20 20 20 20 20 2f 29 28 28 29 2e 20 20 20 20 20 20 20 20 20 5a 20 20 1a 1b 20 20 5a
59 59 59 59 59 59 59 59 59 59 59 59 59 59 59 59 59 59 59 59 59 59 59 59 59 59 57 1a 1b 58 59 59

patches
 guard 83
 set 1 4 12
 set 1 5 11
 guard 83
 set 4 4 12
 set 4 5 11
 guard 83
 set 23 4 12
 set 23 5 11
 guard 83
 set 25 4 12
 set 25 5 11
 set 24 3 43
 set 24 4 43
 set 24 5 43
 set 24 6 43
 set 24 7 43
 set 24 8 43
 guard 83
 set 30 4 12
 set 30 5 11
 set 27 2 00
 set 28 2 00
 set 27 3 01
 set 28 3 01
 guard 83
 set 24 11 12
 set 24 12 11
 guard 83
 set 1 18 12
 set 1 19 11
 set 0 17 5a
 set 0 18 5a
 set 0 19 5a
 set 0 20 5a
 set 0 21 5a
 set 0 22 5a
 guard 83
 set 17 18 12
 set 17 19 11
 guard 83
 set 19 18 12
 set 19 19 11
 guard 83
 set 23 18 12
 set 23 19 11
 guard 83
 set 18 17 5a
 set 18 18 5a
 set 18 19 5a
 set 18 20 5a
 set 18 21 5a
 set 18 22 5a
