# Chamber 5

spawn_a   28 18 01   # col row flags(bit0 facing, bit7 enemies blocked)
spawn_b   28 17 01
border    0
col_thr   10 20
row_thr   5 13
exit 0    death
exit 1    death
exit 2    death
exit 3    4 28 13
exit 4    death
exit 5    death
exit 6    death
exit 7    death
exit 8    death

map
5d 5f 60 5f 20 20 5f 60 5e 60 5d 5e 60 5f 5f 5e 20 5f 20 5e 5f 60 5d 5f 20 5f 20 5e 60 5d 60 5d
20 20 20 20 20 20 20 20 20 20 20 20 20 20 20 20 20 20 20 20 20 20 20 20 20 20 20 20 20 20 20 43
20 20 20 20 20 20 20 20 20 20 20 20 20 20 20 20 20 20 20 20 20 20 20 20 20 20 20 20 20 20 20 43
20 20 20 20 20 20 20 40 40 40 40 40 40 40 40 40 40 40 40 40 40 40 40 40 40 20 20 20 20 20 20 43
20 20 20 20 20 20 20 20 41 41 41 41 41 41 41 41 41 41 41 41 41 41 41 41 20 20 20 20 20 20 20 43
20 20 20 20 20 20 20 20 7c 7c 7d 42 7c 42 42 42 42 42 42 7c 42 7c 7c 7c 20 20 20 20 20 20 20 43
20 20 20 20 20 20 20 20 20 20 35 20 20 20 20 20 20 20 20 20 20 35 20 20 20 20 20 20 20 20 20 43
20 20 20 20 20 20 20 20 20 20 27 20 20 20 20 20 20 20 20 20 20 35 20 20 20 20 20 20 20 20 20 43
20 20 20 20 20 20 20 20 20 20 35 20 20 20 20 20 20 20 20 20 20 35 20 20 20 20 20 20 20 20 20 43
20 20 20 20 20 20 20 20 20 20 27 20 20 20 20 20 20 20 20 20 20 27 20 20 20 20 20 20 20 20 20 43
20 20 20 20 20 20 20 20 20 20 35 20 20 20 20 20 20 20 20 20 20 35 20 20 20 20 20 20 20 20 20 43
6d 1d 1d 1c 1c 40 40 40 40 40 40 40 40 40 40 40 40 40 40 40 40 40 40 40 40 40 40 20 20 20 20 43
43 20 1d 1c 20 20 41 41 41 41 41 41 41 41 41 41 41 41 41 41 41 41 41 41 41 41 20 20 20 20 20 43
43 20 1d 1c 20 20 7c 42 7d 7d 7d 7d 42 42 42 42 42 42 42 42 7d 7d 7d 7d 42 7c 20 20 20 20 20 43
43 20 1d 1c 20 20 20 20 35 35 35 35 20 20 20 20 20 20 20 20 35 35 35 35 20 20 20 20 20 20 20 43
43 20 1d 1c 20 20 20 20 36 35 35 36 20 20 20 20 20 20 20 20 36 35 35 36 20 20 20 20 20 20 20 43
43 20 1d 1c 20 20 20 20 35 37 37 35 20 20 20 20 20 20 20 20 35 37 37 35 20 20 20 20 20 20 20 43
43 20 1d 1c 20 20 20 20 36 35 35 36 20 20 20 20 20 20 20 20 36 35 35 36 20 20 20 20 20 20 20 43
43 20 1d 1c 20 20 20 20 35 36 36 35 20 17 20 20 20 20 17 20 35 36 36 35 20 20 20 20 20 20 20 43
44 44 44 44 44 44 44 44 44 44 44 44 44 44 44 44 44 44 44 44 44 44 44 44 44 44 44 44 44 44 44 44
44 44 44 44 44 44 44 44 44 44 44 44 44 44 44 44 44 44 44 44 44 44 44 44 44 44 44 44 44 44 44 44
44 44 44 44 44 44 44 44 44 44 44 44 44 44 44 44 44 44 44 44 44 44 44 44 44 44 44 44 44 44 44 44

patches
 guard 83
 set 8 8 12
 set 8 9 11
 guard 83
 set 9 8 12
 set 9 9 11
 guard 83
 set 12 8 12
 set 12 9 11
 guard 83
 set 19 8 12
 set 19 9 11
 guard 83
 set 22 8 12
 set 22 9 11
 guard 83
 set 23 8 12
 set 23 9 11
 guard 83
 set 6 16 12
 set 6 17 11
 guard 83
 set 25 16 12
 set 25 17 11
 guard 83
 set 0 3 43
 set 0 4 43
 set 0 5 43
 set 0 6 43
 set 0 7 43
 set 0 8 43
 set 0 9 43
 set 0 10 43
 set 0 11 43
 set 0 12 43
