# Chamber 6

spawn_a   29 18 81   # col row flags(bit0 facing, bit7 enemies blocked)
spawn_b   2 3 01
border    0
col_thr   10 20
row_thr   8 15
exit 0    death
exit 1    death
exit 2    death
exit 3    death
exit 4    death
exit 5    7 1 5
exit 6    death
exit 7    death
exit 8    7 1 20
anim 0    8 28 30 70   # row col_start col_end delay

map
43 5a 20 20 20 5d 5e 5e 5f 5a 5a 5f 6a 6a 6a 6a 6a 6a 6a 6a 5d 5a 5a 5e 5d 60 5f 5a 5f 5e 5d 43
43 20 20 20 20 20 20 20 20 20 20 20 28 29 28 29 28 29 28 29 20 20 20 20 20 20 20 20 20 20 20 43
43 20 20 20 20 20 20 20 20 20 20 20 29 28 29 28 29 28 29 28 20 20 20 20 20 20 20 20 20 20 20 43
43 20 20 20 20 20 20 20 20 20 20 20 29 28 29 28 29 28 29 28 20 20 20 20 20 20 20 20 20 20 20 43
43 20 20 20 20 20 20 20 20 20 20 20 28 29 28 29 28 29 28 29 20 20 20 20 20 20 20 20 20 20 20 43
43 20 20 20 20 17 20 20 20 20 20 20 29 28 29 28 29 28 29 28 20 20 20 20 17 20 20 20 20 20 20 43
44 44 44 44 44 44 44 44 44 44 44 44 44 44 44 44 44 44 44 44 44 44 44 44 44 44 44 44 20 20 20 5a
43 5d 60 5a 5a 6a 6a 6a 6a 5a 5a 60 5d 60 60 5d 60 5a 5a 5d 6a 6a 6a 6a 5f 5e 5f 5d 20 20 20 20
43 20 20 20 20 28 29 28 29 20 20 20 20 20 20 20 20 20 20 20 28 29 28 29 20 20 20 20 20 20 20 20
43 20 20 20 20 29 28 29 28 20 20 20 20 20 20 20 20 20 20 20 29 28 29 28 20 20 20 20 20 20 20 20
43 20 20 20 20 29 28 29 28 20 20 20 20 20 20 20 20 20 20 20 29 28 29 28 20 20 20 20 20 20 20 20
43 20 20 20 20 28 29 28 29 20 20 20 20 20 20 20 20 20 20 20 28 29 28 29 20 20 20 20 20 20 20 20
43 20 17 20 20 29 28 29 28 20 20 20 17 20 20 17 20 20 20 20 29 28 29 28 20 20 20 20 20 20 20 20
44 44 44 44 44 44 44 44 44 44 44 44 44 44 44 44 44 44 44 44 44 44 44 44 44 44 44 44 44 44 44 44
43 20 20 5f 60 5d 5e 5f 60 5d 5e 5f 60 5d 5e 5f 60 5d 5e 5f 60 5d 5e 5f 60 5d 5e 5e 5d 5e 5f 5e
43 20 20 20 20 20 20 20 20 20 20 20 20 20 20 20 20 20 20 20 20 20 20 20 20 20 20 20 20 20 20 20
43 20 20 20 20 20 20 20 20 20 20 20 20 20 20 20 20 20 20 20 20 20 20 20 20 20 20 20 20 20 20 20
43 20 20 20 20 20 20 20 20 20 20 20 20 20 20 20 20 20 20 20 20 20 20 20 20 20 20 20 20 20 20 20
43 20 20 20 20 20 20 20 20 20 20 20 20 20 20 20 20 20 20 20 20 20 20 20 20 20 20 20 20 20 20 20
43 8d 8e 8f 70 70 70 70 70 70 70 70 70 70 70 70 70 70 70 70 70 70 70 70 70 70 70 70 70 8d 8e 8f
44 44 44 44 44 44 44 44 44 44 44 44 44 44 44 44 44 44 44 44 44 44 44 44 44 44 44 44 44 44 44 44
44 44 44 44 44 44 44 44 44 44 44 44 44 44 44 44 44 44 44 44 44 44 44 44 44 44 44 44 44 44 44 44

patches
 guard 83
 set 1 3 12
 set 1 4 11
 guard 83
 set 9 3 12
 set 9 4 11
 guard 83
 set 10 3 12
 set 10 4 11
 guard 83
 set 21 3 12
 set 21 4 11
 guard 83
 set 22 3 12
 set 22 4 11
 guard 83
 set 3 10 12
 set 3 11 11
 guard 83
 set 4 10 12
 set 4 11 11
 guard 83
 set 9 10 12
 set 9 11 11
 guard 83
 set 10 10 12
 set 10 11 11
 guard 83
 set 17 10 12
 set 17 11 11
 guard 83
 set 18 10 12
 set 18 11 11
 guard 83
 set 1 16 12
 set 1 17 11
 guard 83
 set 2 16 12
 set 2 17 11
 guard 83
 set 27 2 43
 set 27 3 43
 set 27 4 43
 set 27 5 43
 set 27 6 43
 set 27 7 43
 guard 83
 set 31 9 43
 set 31 10 43
 set 31 11 43
 set 31 12 43
 set 31 13 43
 set 31 14 43
