# Chamber 9

spawn_a   2 20 80   # col row flags(bit0 facing, bit7 enemies blocked)
spawn_b   2 20 80
border    0
col_thr   10 20
row_thr   9 16
exit 0    1 26 6
exit 1    death
exit 2    death
exit 3    death
exit 4    death
exit 5    death
exit 6    death
exit 7    death
exit 8    10 1 20

map
25 25 25 25 25 25 25 25 25 25 25 25 25 25 25 25 25 25 25 25 25 25 25 25 25 25 25 25 25 25 25 25
85 86 25 25 25 25 25 25 84 85 86 25 25 25 25 84 7b 85 86 84 85 86 25 25 25 25 25 25 25 25 25 84
87 89 81 82 83 7a 82 80 89 88 89 81 7a 82 80 88 87 88 89 88 89 89 81 82 83 82 80 81 7a 82 80 87
20 20 20 20 20 20 32 33 33 33 33 33 33 33 33 33 33 33 33 33 33 33 33 34 20 20 20 20 20 20 20 20
20 32 33 33 34 20 20 33 33 33 33 33 33 33 33 33 33 33 33 33 33 33 33 20 20 20 32 33 33 34 20 20
6d 20 33 33 20 20 20 32 33 33 33 33 33 33 34 32 33 33 33 33 33 33 34 20 20 20 20 33 33 20 20 6d
43 32 33 33 34 20 20 32 33 33 33 33 33 33 34 32 33 33 33 33 33 33 34 20 20 20 32 33 33 34 20 43
43 2f 33 33 2e 18 19 78 20 20 20 20 20 20 78 78 20 20 20 20 20 20 78 20 18 19 2f 33 33 2e 20 43
43 2f 33 33 2e 19 18 43 20 20 20 20 20 20 43 43 20 20 20 20 20 20 43 20 19 18 2f 33 33 2e 20 43
43 2f 33 33 2e 18 19 43 20 20 20 20 20 20 43 43 20 20 20 20 20 20 43 20 18 19 2f 33 33 2e 20 43
43 2f 33 33 2e 19 18 43 20 20 20 20 20 20 43 43 20 20 20 20 20 20 43 20 19 18 2f 33 33 2e 20 43
43 32 33 33 34 18 19 43 20 20 20 20 20 20 43 43 20 20 20 20 20 20 43 20 18 19 32 33 33 34 20 43
43 32 33 33 34 19 18 43 20 20 20 20 20 20 43 43 20 20 20 20 20 20 43 20 19 18 32 33 33 34 20 43
43 32 33 33 34 18 19 43 20 20 20 20 20 20 43 43 20 20 20 20 20 20 43 20 18 19 32 33 33 34 20 43
43 32 33 33 34 19 18 43 20 20 20 20 20 20 43 43 20 20 20 20 20 20 43 20 19 18 32 33 33 34 20 43
43 32 33 33 34 18 19 43 20 20 20 20 20 20 43 43 20 20 20 20 20 20 43 5b 18 19 32 33 33 34 5c 43
43 32 33 33 34 19 18 43 20 20 20 20 20 20 43 43 20 20 20 20 20 20 43 20 19 18 32 33 33 34 20 43
43 32 33 33 34 18 19 43 20 20 20 20 20 20 43 43 20 20 20 20 20 20 43 20 18 19 32 33 33 34 20 43
43 32 33 33 34 20 20 43 20 20 20 20 20 20 43 43 20 20 20 20 20 20 43 20 20 20 32 33 33 34 20 43
43 32 33 33 34 20 20 43 20 20 20 20 20 20 43 43 20 20 20 20 20 20 43 20 20 20 32 33 33 34 20 43
43 32 33 33 34 20 20 43 03 03 03 03 03 03 43 43 03 03 03 03 03 03 43 20 20 20 32 33 33 34 20 43
78 78 78 78 78 78 78 78 02 02 02 02 02 02 78 78 02 02 02 02 02 02 78 78 20 20 78 78 78 78 78 78

patches
 guard 83
 set 30 18 12
 set 30 19 11
 guard 83
 set 23 18 12
 set 23 19 11
 guard 83
 set 24 23 8e
 set 25 23 8e
