# Chamber 11

spawn_a   2 20 80   # col row flags(bit0 facing, bit7 enemies blocked)
spawn_b   1 20 80
border    0
col_thr   13 20
row_thr   9 16
exit 0    death
exit 1    death
exit 2    death
exit 3    12 1 6
exit 4    13 1 6
exit 5    14 1 6
exit 6    10 29 6
exit 7    death
exit 8    death

map
59 00 00 00 00 00 00 00 00 00 00 00 00 00 00 00 59 59 00 00 00 00 00 00 00 00 00 00 00 00 00 59
59 01 01 01 01 01 01 01 01 01 01 01 01 01 01 01 64 62 01 01 01 01 01 01 01 01 01 01 01 01 01 59
59 1a 1b 1b 1a 20 20 2c 2d 20 20 20 2c 2d 20 20 64 62 20 20 2c 2d 20 20 20 2c 2d 20 20 20 20 59
59 1a 1b 1b 1a 20 20 2c 2d 20 20 20 2c 2d 20 20 20 20 20 20 2c 2d 20 20 20 2c 2d 20 20 20 20 59
59 1a 1b 1b 1a 20 20 2e 2f 20 20 20 2e 2f 20 20 20 20 20 20 2e 2f 20 20 20 2e 2f 20 20 20 20 59
59 1a 1b 1b 1a 20 20 2c 2d 20 20 20 2c 2d 20 20 20 20 20 20 2c 2d 20 20 20 2c 2d 20 20 20 20 59
59 1a 1b 1b 1a 20 20 2e 2f 20 17 20 2e 2f 20 20 20 20 20 20 2e 2f 20 17 20 2e 2f 20 20 20 20 59
59 1a 1b 1b 1a 59 59 59 59 59 59 59 59 59 59 59 59 59 59 59 59 59 59 59 59 59 59 59 20 20 20 59
59 1a 1b 1b 1a 91 92 91 92 91 92 91 92 91 92 91 92 91 92 91 92 91 92 91 92 91 92 91 20 20 20 59
59 1a 1b 1b 1a 92 91 92 20 20 20 20 91 92 91 20 20 20 20 92 91 92 20 20 20 20 91 92 20 20 20 59
59 1a 1b 1b 1a 91 92 20 20 20 20 20 20 91 20 20 20 20 20 20 92 20 20 20 20 20 20 91 20 20 20 59
59 1a 1b 1b 1a 92 91 20 20 20 20 20 20 92 20 20 20 20 20 20 91 20 20 20 20 20 20 92 20 20 20 59
59 1a 1b 1b 1a 91 92 91 20 20 20 20 92 91 92 20 20 20 20 91 92 91 20 20 20 20 92 91 20 20 20 59
59 1a 1b 1b 1a 92 91 92 20 20 20 20 91 92 91 20 20 20 20 92 91 92 20 20 20 20 91 92 20 20 20 59
59 1a 1b 1b 1a 91 92 91 1a 1b 1b 1a 92 91 92 1a 1b 1b 1a 91 92 91 1a 1b 1b 1a 92 91 20 20 20 59
93 1a 1b 1b 1a 59 93 93 1a 1b 1b 1a 93 93 93 1a 1b 1b 1a 93 93 93 1a 1b 1b 1a 93 93 20 20 20 59
20 1a 1b 1b 1a 59 20 20 20 1b 1b 20 20 20 20 20 1a 1a 20 20 20 20 20 1b 1b 20 20 20 20 20 20 59
20 1a 1b 1b 1a 59 20 20 20 1b 1b 20 20 20 20 20 1a 1a 20 20 20 20 20 1b 1b 20 20 20 20 20 20 59
20 1a 1b 1b 1a 59 20 20 20 20 20 20 20 20 20 20 20 20 20 20 20 20 20 20 20 20 20 20 20 20 20 59
20 1a 1b 1b 1a 59 20 20 20 20 20 20 20 20 20 20 20 20 20 20 20 20 20 20 20 20 20 20 20 20 20 59
20 1a 1b 1b 1a 59 20 20 20 20 20 20 20 20 20 20 20 20 20 20 20 20 20 20 20 20 20 20 20 20 20 59
59 59 59 59 59 59 59 59 59 59 59 59 59 59 59 59 59 59 59 59 59 59 59 59 59 59 59 59 59 59 59 59

patches
 guard 83
 set 15 4 13
 set 15 5 14
 guard 83
 set 18 4 15
 set 18 5 14
 guard 83
 set 6 18 15
 set 6 19 14
