# Chamber 16

spawn_a   2 20 00   # col row flags(bit0 facing, bit7 enemies blocked)
spawn_b   1 20 00
border    0
col_thr   10 20
row_thr   8 18
exit 0    death
exit 1    death
exit 2    death
exit 3    death
exit 4    death
exit 5    17 1 19
exit 6    15 29 20
exit 7    death
exit 8    death

map
20 20 20 20 20 20 20 20 20 20 20 20 20 67 67 67 6e 65 65 65 20 20 20 20 20 20 20 20 20 20 20 20
20 20 20 20 20 20 20 20 20 20 20 6b 69 68 68 68 6f 66 66 66 69 6b 20 20 20 20 20 20 20 20 20 20
20 20 20 20 20 20 20 20 20 20 20 20 20 20 20 20 20 20 20 20 20 20 20 20 20 20 20 20 20 20 20 20
20 20 20 20 20 20 20 20 20 20 20 20 20 20 20 20 20 20 20 20 20 20 20 20 20 20 20 20 20 20 20 20
20 20 20 20 20 20 20 20 20 20 20 20 20 20 20 20 20 20 20 20 20 20 20 20 20 20 20 20 20 20 20 20
20 20 20 20 20 20 20 20 20 20 20 20 20 20 20 20 20 20 20 20 20 20 20 20 20 20 20 20 20 20 20 20
20 20 20 20 20 20 20 20 20 20 20 6c 6c 6c 6c 1e 1e 6c 6c 6c 6c 6c 20 20 20 20 20 20 20 20 20 20
20 20 20 20 20 20 20 20 20 20 20 20 66 63 20 18 19 20 20 61 68 20 20 20 20 20 20 20 20 20 20 20
20 20 20 20 20 20 20 20 20 20 20 20 20 64 20 20 20 20 20 62 20 20 20 20 20 20 20 20 20 20 20 20
20 20 20 20 20 20 20 20 20 20 20 20 20 63 20 20 20 20 20 61 20 20 20 20 20 20 20 20 20 20 20 20
20 20 20 20 20 20 20 20 20 20 20 20 20 64 20 20 20 20 20 62 20 20 20 20 20 20 20 20 20 20 20 20
20 20 20 20 20 20 20 20 20 20 6c 6c 6c 6c 6c 6c 6c 1e 1e 6c 6c 6c 6c 20 20 20 20 20 20 20 20 20
61 20 20 20 20 20 20 20 20 20 20 20 66 63 20 20 20 18 19 61 68 20 20 20 20 20 20 20 20 20 20 20
62 20 20 20 20 20 20 20 20 20 20 20 20 64 20 20 20 20 20 62 20 20 20 20 20 20 20 20 20 20 20 20
61 20 20 20 20 20 20 20 20 20 20 20 20 63 20 20 20 20 20 61 20 20 20 20 20 20 20 20 20 20 20 20
62 20 20 20 20 20 20 20 20 20 20 20 20 62 20 20 20 20 20 64 20 20 20 20 20 20 20 20 20 20 20 20
6a 6a 6a 6a 6a 20 20 6a 6a 6a 6a 6a 6a 6a 1e 1e 6a 6a 6a 6a 6a 6a 6a 6a 6a 6a 20 20 6a 6a 6a 6a
3f 3f 3f 3f 3f 3f 3f 3f 3f 3f 3f 3f 3f 3f 18 19 3f 3f 3f 3f 3f 3f 3f 3f 3f 3f 3f 3f 3f 3f 3f 63
3e 3e 3e 3e 3e 3e 3e 3e 3e 3e 3e 3e 3e 3e 3e 3e 3e 3e 3e 3e 3e 3e 3e 3e 3e 3e 3e 3e 3e 3e 3e 64
3f 3f 3f 3f 3f 3f 3f 3f 3f 3f 3f 3f 3f 3f 3f 3f 3f 3f 3f 3f 3f 3f 3f 3f 3f 3f 3f 3f 3f 3f 3f 63
3e 3e 3e 3e 3e 3e 3e 3e 3e 3e 3e 3e 3e 3e 3e 3e 3e 3e 3e 3e 3e 3e 3e 3e 3e 3e 3e 3e 3e 3e 3e 64
44 44 44 44 44 44 44 44 44 44 44 44 44 44 44 44 44 44 44 44 44 44 44 44 44 44 44 44 44 44 44 44

patches
 guard 83
 set 14 4 15
 set 14 5 14
 set 13 4 63
 set 13 5 64
 set 13 6 63
 set 13 7 64
 guard 83
 set 18 4 13
 set 18 5 14
 guard 83
 set 10 7 13
 set 10 8 14
 guard 83
 set 22 7 15
 set 22 8 14
 guard 83
 set 9 12 13
 set 9 13 14
 set 19 4 61
 set 19 5 62
 set 19 6 61
 set 19 7 62
 guard 83
 set 23 12 15
 set 23 13 14
 set 31 14 63
 set 31 15 64
 set 31 16 63
 set 31 17 64
