# Chamber 17

spawn_a   2 19 80   # col row flags(bit0 facing, bit7 enemies blocked)
spawn_b   1 19 80
border    0
col_thr   10 20
row_thr   8 16
exit 0    death
exit 1    death
exit 2    18 4 20
exit 3    death
exit 4    death
exit 5    death
exit 6    16 29 15
exit 7    death
exit 8    death
anim 0    13 4 30 50   # row col_start col_end delay
anim 1    14 4 30 50   # row col_start col_end delay
anim 2    4 4 28 80   # row col_start col_end delay
anim 3    5 4 28 80

map
61 70 70 70 70 70 70 70 70 70 70 70 70 70 70 70 70 70 70 70 70 70 70 70 70 70 70 70 70 70 70 61
61 1e 1e 1e 1e 1e 1e 1e 1e 1e 1e 1e 1e 1e 1e 1e 1e 1e 1e 1e 1e 1e 1e 1e 1e 1e 1e 1e 1e 36 36 20
61 20 20 35 20 20 20 20 20 20 20 20 20 20 20 20 20 20 20 20 20 20 20 20 20 20 20 20 20 35 35 20
61 20 20 35 20 20 20 20 20 20 20 20 20 20 20 20 20 20 20 20 20 20 20 20 20 20 20 20 20 36 36 20
61 20 20 35 20 20 20 20 20 20 20 20 20 20 20 20 20 20 20 20 20 20 20 20 20 20 20 20 20 35 35 20
61 1e 1e 36 20 20 20 20 20 20 20 20 20 20 20 20 20 20 20 20 20 20 20 20 20 20 20 20 20 35 35 20
61 20 20 35 20 20 20 20 20 20 20 20 20 20 20 20 20 20 20 20 20 20 20 20 20 20 61 20 20 1e 1e 61
61 20 20 36 20 20 20 20 20 20 20 20 20 20 20 20 20 20 20 20 20 20 20 20 20 20 61 20 20 19 18 61
61 20 20 36 20 20 20 20 20 20 20 20 20 20 20 20 20 20 20 20 20 20 20 20 20 20 61 20 20 19 18 61
61 78 78 78 70 70 70 70 70 70 70 70 70 70 70 70 70 70 70 70 70 70 70 70 1e 1e 61 20 20 19 18 61
61 1e 1e 1e 1e 1e 1e 1e 1e 1e 1e 1e 1e 1e 1e 1e 1e 1e 1e 1e 1e 1e 1e 1e 19 18 61 20 20 20 20 61
61 19 18 36 20 20 20 20 20 20 20 20 20 20 20 20 20 20 20 20 20 20 20 20 20 20 20 20 20 20 20 61
61 20 20 35 20 20 20 20 20 20 20 20 20 20 20 20 20 20 20 20 20 20 20 20 20 20 20 20 20 20 20 61
61 20 20 36 20 20 20 20 20 20 20 20 20 20 20 20 20 20 20 20 20 20 20 20 20 20 61 20 20 1e 1e 61
61 20 20 36 20 20 20 20 20 20 20 20 20 20 20 20 20 20 20 20 20 20 20 20 20 20 61 20 20 19 18 61
61 78 78 78 1e 1e 1e 78 78 20 20 20 20 78 78 20 20 20 20 78 78 1e 1e 1e 1e 1e 61 20 20 19 18 61
20 20 20 35 20 20 20 35 35 20 20 20 20 35 35 20 20 20 20 35 35 20 20 20 19 18 61 20 20 19 18 61
20 20 20 36 20 20 20 36 36 20 20 20 20 36 36 20 20 20 20 36 36 20 20 20 19 18 61 20 20 20 20 61
20 20 20 36 20 20 20 35 35 20 20 20 20 35 35 20 20 20 20 35 35 20 20 20 20 20 61 20 20 20 20 61
20 20 20 35 20 20 20 36 36 20 20 20 20 36 36 20 20 20 20 36 36 20 20 20 20 20 61 20 20 20 20 61
78 78 78 78 20 20 20 36 36 20 20 20 20 36 36 20 20 20 20 36 36 20 20 20 20 20 61 78 78 78 78 61
44 44 44 44 78 78 78 78 78 78 78 78 78 78 78 78 78 78 78 78 78 78 78 78 78 78 61 44 44 44 44 61

patches
 guard 83
 set 25 18 13
 set 25 19 14
 set 24 18 20
 set 24 19 20
 guard 83
 set 29 17 20
 set 30 17 13
 set 29 18 20
 set 30 18 14
 set 31 2 61
 set 31 3 61
 set 31 4 61
 set 31 5 61
 set 31 6 61
 set 31 7 61
